     0.300000      1.70000  0.000334157
     0.305000      1.70000  0.000331663
     0.310000      1.70000  0.000327594
     0.315000      1.70000  0.000326277
     0.320000      1.70000  0.000325622
     0.325000      1.70000  0.000324969
     0.330000      1.70000  0.000327121
     0.335000      1.70000  0.000327045
     0.340000      1.70000  0.000331298
     0.345000      1.70000  0.000329288
     0.350000      1.70000  0.000332508
     0.355000      1.70000  0.000332611
     0.360000      1.70000  0.000334828
     0.365000      1.70000  0.000338549
     0.370000      1.70000  0.000341004
     0.375000      1.70000  0.000344984
     0.380000      1.70000  0.000348002
     0.385000      1.70000  0.000352901
     0.390000      1.70000  0.000355550
     0.395000      1.70000  0.000357524
     0.400000      1.70000  0.000360753
     0.405000      1.70000  0.000364609
     0.410000      1.70000  0.000366485
     0.415000      1.70000  0.000370295
     0.420000      1.70000  0.000373428
     0.425000      1.70000  0.000376204
     0.430000      1.70000  0.000378287
     0.435000      1.70000  0.000380006
     0.440000      1.70000  0.000382696
     0.445000      1.70000  0.000385361
     0.450000      1.70000  0.000389352
     0.455000      1.70000  0.000393678
     0.460000      1.70000  0.000397312
     0.465000      1.70000  0.000400238
     0.470000      1.70000  0.000405244
     0.475000      1.70000  0.000408137
     0.480000      1.70000  0.000412076
     0.485000      1.70000  0.000415648
     0.490000      1.70000  0.000418124
     0.495000      1.70000  0.000419493
     0.500000      1.70000  0.000421556
     0.505000      1.70000  0.000424319
     0.510000      1.70000  0.000425972
     0.515000      1.70000  0.000426155
     0.520000      1.70000  0.000427758
     0.525000      1.70000  0.000428618
     0.530000      1.70000  0.000429457
     0.535000      1.70000  0.000431707
     0.540000      1.70000  0.000434656
     0.545000      1.70000  0.000436142
     0.550000      1.70000  0.000438690
     0.555000      1.70000  0.000442313
     0.560000      1.70000  0.000445929
     0.565000      1.70000  0.000448061
     0.570000      1.70000  0.000451654
     0.575000      1.70000  0.000455242
     0.580000      1.70000  0.000458446
     0.585000      1.70000  0.000462019
     0.590000      1.70000  0.000464442
     0.595000      1.70000  0.000467229
     0.600000      1.70000  0.000470001
     0.605000      1.70000  0.000471989
     0.610000      1.70000  0.000474343
     0.615000      1.70000  0.000476679
     0.620000      1.70000  0.000478999
     0.625000      1.70000  0.000482080
     0.630000      1.70000  0.000485152
     0.635000      1.70000  0.000490587
     0.640000      1.70000  0.000494050
     0.645000      1.70000  0.000498717
     0.650000      1.70000  0.000502583
     0.655000      1.70000  0.000508508
     0.660000      1.70000  0.000514478
     0.665000      1.70000  0.000518798
     0.670000      1.70000  0.000525693
     0.675000      1.70000  0.000527889
     0.680000      1.70000  0.000530932
     0.685000      1.70000  0.000536585
     0.690000      1.70000  0.000540943
     0.695000      1.70000  0.000544863
     0.700000      1.70000  0.000549232
     0.705000      1.70000  0.000553155
     0.710000      1.70000  0.000556623
     0.715000      1.70000  0.000560543
     0.720000      1.70000  0.000562164
     0.725000      1.70000  0.000566068
     0.730000      1.70000  0.000569043
     0.735000      1.70000  0.000573408
     0.740000      1.70000  0.000575432
     0.745000      1.70000  0.000579320
     0.750000      1.70000  0.000583683
     0.755000      1.70000  0.000586619
     0.760000      1.70000  0.000589067
     0.765000      1.70000  0.000594389
     0.770000      1.70000  0.000597788
     0.775000      1.70000  0.000602649
     0.780000      1.70000  0.000608515
     0.785000      1.70000  0.000611419
     0.790000      1.70000  0.000617825
     0.795000      1.70000  0.000621736
     0.800000      1.70000  0.000623609
     0.805000      1.70000  0.000628530
     0.810000      1.70000  0.000635021
     0.815000      1.70000  0.000638418
     0.820000      1.70000  0.000646555
     0.825000      1.70000  0.000651031
     0.830000      1.70000  0.000655514
     0.835000      1.70000  0.000660005
     0.840000      1.70000  0.000667792
     0.845000      1.70000  0.000672321
     0.850000      1.70000  0.000678536
     0.855000      1.70000  0.000683657
     0.860000      1.70000  0.000687086
     0.865000      1.70000  0.000693373
     0.870000      1.70000  0.000697958
     0.875000      1.70000  0.000704304
     0.880000      1.70000  0.000703647
     0.885000      1.70000  0.000702408
     0.890000      1.70000  0.000710467
     0.895000      1.70000  0.000720402
     0.900000      1.70000  0.000725631
     0.905000      1.70000  0.000727242
     0.910000      1.70000  0.000731868
     0.915000      1.70000  0.000737725
     0.920000      1.70000  0.000742374
     0.925000      1.70000  0.000745788
     0.930000      1.70000  0.000748574
     0.935000      1.70000  0.000749484
     0.940000      1.70000  0.000755995
     0.945000      1.70000  0.000756872
     0.950000      1.70000  0.000758363
     0.955000      1.70000  0.000758590
     0.960000      1.70000  0.000761307
     0.965000      1.70000  0.000762134
     0.970000      1.70000  0.000762324
     0.975000      1.70000  0.000762506
     0.980000      1.70000  0.000765167
     0.985000      1.70000  0.000762224
     0.990000      1.70000  0.000763615
     0.995000      1.70000  0.000763144
      1.00000      1.70000  0.000763282
      1.00500      1.70000  0.000762800
      1.01000      1.70000  0.000763533
      1.01500      1.70000  0.000763037
      1.02000      1.70000  0.000762537
      1.02500      1.70000  0.000762636
      1.03000      1.70000  0.000762727
      1.03500      1.70000  0.000759814
      1.04000      1.70000  0.000763485
      1.04500      1.70000  0.000764149
      1.05000      1.70000  0.000763608
      1.05500      1.70000  0.000763657
      1.06000      1.70000  0.000765485
      1.06500      1.70000  0.000766705
      1.07000      1.70000  0.000767915
      1.07500      1.70000  0.000767329
      1.08000      1.70000  0.000770898
      1.08500      1.70000  0.000770885
      1.09000      1.70000  0.000773243
      1.09500      1.70000  0.000773208
      1.10000      1.70000  0.000776142
      1.10500      1.70000  0.000779071
      1.11000      1.70000  0.000782596
      1.11500      1.70000  0.000784914
      1.12000      1.70000  0.000784814
      1.12500      1.70000  0.000786509
      1.13000      1.70000  0.000788195
      1.13500      1.70000  0.000791078
      1.14000      1.70000  0.000794563
      1.14500      1.70000  0.000796222
      1.15000      1.70000  0.000800921
      1.15500      1.70000  0.000802564
      1.16000      1.70000  0.000805424
      1.16500      1.70000  0.000810130
      1.17000      1.70000  0.000809280
      1.17500      1.70000  0.000814597
      1.18000      1.70000  0.000817440
      1.18500      1.70000  0.000821529
      1.19000      1.70000  0.000822489
      1.19500      1.70000  0.000825316
      1.20000      1.70000  0.000828769
      1.20500      1.70000  0.000836031
      1.21000      1.70000  0.000837585
      1.21500      1.70000  0.000840407
      1.22000      1.70000  0.000840665
      1.22500      1.70000  0.000846036
      1.23000      1.70000  0.000846270
      1.23500      1.70000  0.000852294
      1.24000      1.70000  0.000856395
      1.24500      1.70000  0.000856591
      1.25000      1.70000  0.000860031
      1.25500      1.70000  0.000864126
      1.26000      1.70000  0.000869547
      1.26500      1.70000  0.000871673
      1.27000      1.70000  0.000876448
      1.27500      1.70000  0.000879231
      1.28000      1.70000  0.000882009
      1.28500      1.70000  0.000881435
      1.29000      1.70000  0.000885535
      1.29500      1.70000  0.000888294
      1.30000      1.70000  0.000891049
      1.30500      1.70000  0.000890428
      1.31000      1.70000  0.000891145
      1.31500      1.70000  0.000896574
      1.32000      1.70000  0.000898626
      1.32500      1.70000  0.000897286
      1.33000      1.70000  0.000899995
      1.33500      1.70000  0.000897970
      1.34000      1.70000  0.000901333
      1.34500      1.70000  0.000903341
      1.35000      1.70000  0.000906699
      1.35500      1.70000  0.000910057
      1.36000      1.70000  0.000916158
      1.36500      1.70000  0.000911986
      1.37000      1.70000  0.000914644
      1.37500      1.70000  0.000911844
      1.38000      1.70000  0.000915160
      1.38500      1.70000  0.000916429
      1.39000      1.70000  0.000948425
      1.39500      1.70000  0.000925107
      1.40000      1.70000  0.000925667
      1.40500      1.70000  0.000924160
      1.41000      1.70000  0.000925391
      1.41500      1.70000  0.000923879
      1.42000      1.70000  0.000926460
      1.42500      1.70000  0.000924258
      1.43000      1.70000  0.000925457
      1.43500      1.70000  0.000928693
      1.44000      1.70000  0.000926474
      1.44500      1.70000  0.000932422
      1.45000      1.70000  0.000930860
      1.45500      1.70000  0.000929981
      1.46000      1.70000  0.000933859
      1.46500      1.70000  0.000934324
      1.47000      1.70000  0.000938198
      1.47500      1.70000  0.000944833
      1.48000      1.70000  0.000945960
      1.48500      1.70000  0.000948463
      1.49000      1.70000  0.000950268
      1.49500      1.70000  0.000954153
      1.50000      1.70000  0.000962958
      1.50500      1.70000  0.000962642
      1.51000      1.70000  0.000967961
      1.51500      1.70000  0.000974728
      1.52000      1.70000  0.000982259
      1.52500      1.70000  0.000989118
      1.53000      1.70000  0.000995288
      1.53500      1.70000   0.00100520
      1.54000      1.70000   0.00101371
      1.54500      1.70000   0.00102002
      1.55000      1.70000   0.00103020
      1.55500      1.70000   0.00103815
      1.56000      1.70000   0.00104853
      1.56500      1.70000   0.00106061
      1.57000      1.70000   0.00106882
      1.57500      1.70000   0.00108282
      1.58000      1.70000   0.00108956
      1.58500      1.70000   0.00110051
      1.59000      1.70000   0.00110905
      1.59500      1.70000   0.00112109
      1.60000      1.70000   0.00113241
      1.60500      1.70000   0.00114653
      1.61000      1.70000   0.00115816
      1.61500      1.70000   0.00116719
      1.62000      1.70000   0.00119021
      1.62500      1.70000   0.00120524
      1.63000      1.70000   0.00120703
      1.63500      1.70000   0.00122717
      1.64000      1.70000   0.00124079
      1.64500      1.70000   0.00124956
      1.65000      1.70000   0.00126246
      1.65500      1.70000   0.00127758
      1.66000      1.70000   0.00129927
      1.66500      1.70000   0.00130960
      1.67000      1.70000   0.00132436
      1.67500      1.70000   0.00133933
      1.68000      1.70000   0.00135451
      1.68500      1.70000   0.00136535
      1.69000      1.70000   0.00138438
      1.69500      1.70000   0.00139315
      1.70000      1.70000   0.00141269
      1.70500      1.70000   0.00142287
      1.71000      1.70000   0.00143680
      1.71500      1.70000   0.00145589
      1.72000      1.70000   0.00146897
      1.72500      1.70000   0.00148218
      1.73000      1.70000   0.00149684
      1.73500      1.70000   0.00151301
      1.74000      1.70000   0.00152805
      1.74500      1.70000   0.00154056
      1.75000      1.70000   0.00155319
      1.75500      1.70000   0.00157293
      1.76000      1.70000   0.00158306
      1.76500      1.70000   0.00160042
      1.77000      1.70000   0.00161219
      1.77500      1.70000   0.00162996
      1.78000      1.70000   0.00163752
      1.78500      1.70000   0.00165262
      1.79000      1.70000   0.00166789
      1.79500      1.70000   0.00168180
      1.80000      1.70000   0.00169584
      1.80500      1.70000   0.00169741
      1.81000      1.70000   0.00171317
      1.81500      1.70000   0.00172912
      1.82000      1.70000   0.00174036
      1.82500      1.70000   0.00175004
      1.83000      1.70000   0.00177140
      1.83500      1.70000   0.00177960
      1.84000      1.70000   0.00179460
      1.84500      1.70000   0.00180461
      1.85000      1.70000   0.00182161
      1.85500      1.70000   0.00184058
      1.86000      1.70000   0.00184732
      1.86500      1.70000   0.00185764
      1.87000      1.70000   0.00186262
      1.87500      1.70000   0.00188392
      1.88000      1.70000   0.00188894
      1.88500      1.70000   0.00190690
      1.89000      1.70000   0.00191945
      1.89500      1.70000   0.00192264
      1.90000      1.70000   0.00194481
      1.90500      1.70000   0.00195570
      1.91000      1.70000   0.00196083
      1.91500      1.70000   0.00197766
      1.92000      1.70000   0.00199071
      1.92500      1.70000   0.00199391
      1.93000      1.70000   0.00200707
      1.93500      1.70000   0.00201026
      1.94000      1.70000   0.00201747
      1.94500      1.70000   0.00202873
      1.95000      1.70000   0.00202989
      1.95500      1.70000   0.00204734
      1.96000      1.70000   0.00205876
      1.96500      1.70000   0.00205988
      1.97000      1.70000   0.00206719
      1.97500      1.70000   0.00207452
      1.98000      1.70000   0.00207977
      1.98500      1.70000   0.00209132
      1.99000      1.70000   0.00209238
      1.99500      1.70000   0.00209342
      2.00000      1.70000   0.00210713
      2.00500      1.70000   0.00211240
      2.01000      1.70000   0.00212408
      2.01500      1.70000   0.00212293
      2.02000      1.70000   0.00212606
      2.02500      1.70000   0.00213993
      2.03000      1.70000   0.00214305
      2.03500      1.70000   0.00215485
      2.04000      1.70000   0.00215144
      2.04500      1.70000   0.00216107
      2.05000      1.70000   0.00216635
      2.05500      1.70000   0.00217163
      2.06000      1.70000   0.00218574
      2.06500      1.70000   0.00218662
      2.07000      1.70000   0.00219413
      2.07500      1.70000   0.00219277
      2.08000      1.70000   0.00218921
      2.08500      1.70000   0.00219668
      2.09000      1.70000   0.00220862
      2.09500      1.70000   0.00220944
      2.10000      1.70000   0.00221695
      2.10500      1.70000   0.00221999
      2.11000      1.70000   0.00222975
      2.11500      1.70000   0.00223956
      2.12000      1.70000   0.00223581
      2.12500      1.70000   0.00225243
      2.13000      1.70000   0.00226231
      2.13500      1.70000   0.00226074
      2.14000      1.70000   0.00226833
      2.14500      1.70000   0.00227363
      2.15000      1.70000   0.00227203
      2.15500      1.70000   0.00228423
      2.16000      1.70000   0.00229883
      2.16500      1.70000   0.00229948
      2.17000      1.70000   0.00230713
      2.17500      1.70000   0.00231715
      2.18000      1.70000   0.00231541
      2.18500      1.70000   0.00232072
      2.19000      1.70000   0.00232603
      2.19500      1.70000   0.00234083
      2.20000      1.70000   0.00234378
      2.20500      1.70000   0.00234672
      2.21000      1.70000   0.00234252
      2.21500      1.70000   0.00234782
      2.22000      1.70000   0.00236990
      2.22500      1.70000   0.00237524
      2.23000      1.70000   0.00238058
      2.23500      1.70000   0.00238592
      2.24000      1.70000   0.00239858
      2.24500      1.70000   0.00239659
      2.25000      1.70000   0.00240438
      2.25500      1.70000   0.00239750
      2.26000      1.70000   0.00240770
      2.26500      1.70000   0.00241058
      2.27000      1.70000   0.00242328
      2.27500      1.70000   0.00242368
      2.28000      1.70000   0.00243892
      2.28500      1.70000   0.00246943
      2.29000      1.70000   0.00248249
      2.29500      1.70000   0.00246754
      2.30000      1.70000   0.00248564
      2.30500      1.70000   0.00250650
      2.31000      1.70000   0.00255681
      2.31500      1.70000   0.00253572
      2.32000      1.70000   0.00250725
      2.32500      1.70000   0.00250493
      2.33000      1.70000   0.00248733
      2.33500      1.70000   0.00248760
      2.34000      1.70000   0.00248787
      2.34500      1.70000   0.00249572
      2.35000      1.70000   0.00250104
      2.35500      1.70000   0.00251146
      2.36000      1.70000   0.00251680
      2.36500      1.70000   0.00251701
      2.37000      1.70000   0.00251721
      2.37500      1.70000   0.00252765
      2.38000      1.70000   0.00253040
      2.38500      1.70000   0.00253572
      2.39000      1.70000   0.00254361
      2.39500      1.70000   0.00254377
      2.40000      1.70000   0.00253110
      2.40500      1.70000   0.00253382
      2.41000      1.70000   0.00253653
      2.41500      1.70000   0.00253669
      2.42000      1.70000   0.00254194
      2.42500      1.70000   0.00255232
      2.43000      1.70000   0.00256533
      2.43500      1.70000   0.00257061
      2.44000      1.70000   0.00256295
      2.44500      1.70000   0.00257596
      2.45000      1.70000   0.00258383
      2.45500      1.70000   0.00259172
      2.46000      1.70000   0.00260488
      2.46500      1.70000   0.00260490
      2.47000      1.70000   0.00259707
      2.47500      1.70000   0.00259971
      2.48000      1.70000   0.00258676
      2.48500      1.70000   0.00259457
      2.49000      1.70000   0.00261022
      2.49500      1.70000   0.00260241
      2.50000      1.70000   0.00262071
      2.50500      1.70000   0.00261545
      2.51000      1.70000   0.00262329
      2.51500      1.70000   0.00261282
      2.52000      1.70000   0.00261541
      2.52500      1.70000   0.00261021
      2.53000      1.70000   0.00262057
      2.53500      1.70000   0.00262054
      2.54000      1.70000   0.00262311
      2.54500      1.70000   0.00261531
      2.55000      1.70000   0.00262303
      2.55500      1.70000   0.00263860
      2.56000      1.70000   0.00263592
      2.56500      1.70000   0.00260751
      2.57000      1.70000   0.00264361
      2.57500      1.70000   0.00264614
      2.58000      1.70000   0.00266178
      2.58500      1.70000   0.00263558
      2.59000      1.70000   0.00266681
      2.59500      1.70000   0.00264059
      2.60000      1.70000   0.00268241
